
//TWO UNSORTED ARRAYS

100 14
200 52
300 120
400 201
500 320
600 457
700 614
800 799
900 1030
1000 1256
1100 1520
1200 1836
1300 2175
1400 2514
1500 2839
1600 3199


//FOR THE INDEX
n - linear - binary - smart
100 227 94
200 373 88
300 560 93
400 771 98
500 904 103
600 1081 106
700 1323 111
800 1579 111
900 1663 113
1000 1949 120
1100 1986 115
1200 2178 129
1300 2360 117
1400 2543 120
1500 2721 121
1600 3019 122

//FOR TWO SORTED ARRAYS
n - linear - binary - smart
100 19 5 1
200 81 14 1
300 168 23 1
400 293 33 1
500 453 42 1
600 648 51 3
700 904 64 3
800 1173 71 3
900 1476 81 5
1000 1814 90 0
1100 2199 101 0
1200 2594 110 0
1300 3098 122 0
1400 3565 131 0
1500 4128 142 0
1600 4666 152 0

//UNSORTED LINEAR
100 198 
200 384 
300 567 
400 751 
500 930 
600 1113 
700 1306 
800 1488 
900 1679 
1000 1856 
1100 2065 
1200 2210 
1300 2398 
1400 2629 
1500 2764 
1600 2999 	